4428387535058884888576
4428387535265851770880
4428387535265851832320
4588103191692041783296
4575376881248443043840
4580006652310075740160
4580006652310082056192
1334815239794892749824
1705202496498863834112
2070359933449521864704
1107096883764721222144
1107096883816462942720
1107096883816462973440
1147025863954075750400
2251671478808783884288
2256301249870416580608
2256301249870416975360
1484409056429381941248
1698692046309987717120
2214777990782094680064
2251816159266566316032
2251816159292437176320
336225868664121913344
1146445592501445214208
4431893385438086332416
4468931551723534712832
4468931551723541028864
1233788386772361736192
4148274887922000859136
4428387279868700672000
1034202203135604166656
1035070271963779829760
525466581752626575360
1476897083218360025088
2218284096592940138496
4136745585535891808256
4136745585535891808256
1196777733838019247104
2963017309757894574080
599294073748775272448
599298595009577648128
599301985903437709312
599301985903437724672
1714435016472461706240
3468280061341632825344
258833138414638336000
258833138414638336000
148152673972381054976
148152797359155200000
156239125080753315840
2215924174375964647424
2215924174375964647424
592610695889524127744
592610696286203413504
592610797449900212224
599266495116863472128
599266495116869788160
2296495298227457899520
1224574403616210551808
1107096819906810218496
258546601303640114176
1143990316841698591744
1143990316841706456064
222260527325376283648
2287685637067912519680
1109119529953391550464
1110855667609742876672
1110855700595091709952
1110855700612339606528
1146305193628164694016
1146305195835811570176
851304779042730827776
851304779042732793856
1072370823643035865088
636300143159773528064
2070138292127745974272
2181251102134230851584
1161037167195207006208
2953794034012383612928
2214777990782094680064
1035332553658553344000
592610695889528315904
592610696165480001536
592628781588114311168
1777874797201721409536
4576843999385519392768
2218817710644788729856
1333355980777208737792
1328744312368229385216
444810969504587188224
258833138414638336000
148152673972382078976
148152674041370000384
149310156233973302272
149310157199812494336
444468397486644662272
444468397900578426880
447114273633642510336
4703059683277494816768
303799382671009808384
299250843390454009856
299254234284314071040
1051220250320323014656
2657488835670191902720
4428387279627240873984
4428387279627240873984
4428387279627241663488
299187695807474989056
1036200719381740666880
820321911734297174016
1196766342932047857664
2216502860436320294912
740754327409289392128
738448502009523733504
149311495680594812928
1109119529953391550464
1109553564367479382016
703723505896009005056
592610792577561006080
598947286944888391680
598965371988097894400
2219407777029937479680
2219407777029937487360
1739238628803600057344
1739238629769439249408
4111646439216983312384
4111673566367863801856
4223073793111895865344
148152797117684647936
156223146977780580352
2214193767529442444288
2214193767736409326592
2214193767736409357312
2295787733761090666496
2148775715417536602112
2148776845732737196032
2292360494323920668160
1270842671096274500608
666822730116534636544
115008485386164373504
553981043593991161856
148152673972382078976
148152674041370046464
149310354404784750592
149310369832442019840
444522832496365146112
461049529476444086272
461049529476444093952
4580588801607851315200
2325458455465811787776
1034202220796779175936
1034202247288540110848
1034202247288542076928
2222273686900608868352
592633214232602624000
666709551201545895936
666709551227416756224
666709551227416771584
672605422406822531072
2288564967076932886528
1035332553658553344000
592610695889528315904
592610695889528315904
592610766603209412608
597244926285742344192
2070079032262657052672
555138477528813410304
444455761321236396032
296884174846091071488
2214777990782094680064
2219407761843727376384
2219407708687739936768
2219407741673088770048
2219407741707584563200
1146615454060750323712
1146615458476044076032
2295211211453368763904
2295211211453376628224
2144741508083605323776
2329396906116505419776
4136713989693804388352
4579435847462833627136
1188689198538517658624
1777814003022055882752
1773202418710592098304
2305577385072565174272
1481522218463009988608
1480369297096378972160
1187536303353203527680
2214777990782094680064
1034186405214560456704
1036489961101613078528
888907001347175905280
296884174846091071488
2214777990782094680064
1035332553658553344000
592610695889528315904
592610696165479970816
592628781053457073152
597240497866837082112
1779858115834274775552
1779858115834281091584
2296495298227457899520
1224574403736945827840
1109142048779389665280
1109720770162093752320
1109720770162096910336
746528189077578063360
2216557089350142017536
4292394595439066750976
4445555027726066780160
4445556723172996810752
4445556723173012539392
2327615934394585845760
4576537692969220710400
1035332553658553344000
1037068691314904670208
1037068724300253503488
1037494281755655421952
1037502180716177276928
893577322156183789568
893584103943903911936
2083939431896431259648
592610924725931098112
851444054309981929472
740819709700063891456
851932519706548768768
865866832185610237952
4432987820788845119488
2214193639934350336000
1035332553658553344000
592610695889528315904
592610696165479955456
597240427092791795712
1109142048779389665280
1109142048779389665280
1109142075271150600192
1109142075271154532352
2070140574610403100672
4588377669859671031808
2510808663130049611776
2510810358576979642368
525610125160161491968
1444036445650653560832
156572215496826437632
156573345812027031552
4210790291340403957760
1262756489001743448064
1187536303353203527680
2214777990782094680064
1034186396383972952064
1034186396383976110080
299194433666471720960
740767891415903372288
741920887695927951360
1041988368339420844032
1041988368365291704320
2296499260539666447360
1588009827047172476928
299475926123259889664
553981043593991161856
148152673972382078976
148152674041370046464
149310354197809991680
4428387279627240873984
1034186396383972952064
1035911239718908991488
740754327409289338368
148157195397035466752
444468814878503604224
1151785524584366743552
1110276955057629978624
1110276988042978811904
1110276988060226708480
1146323278395418353664
2036363414263474685952
1035911239718908991488
740754327409289361408
148157195664357196800
149310227128753864704
2296494737071217574912
2296494737899085104128
2329209026329780166144
1268557059204500692992
78286107748413218816
2068356994846902194176
2290582614859871948800
815705528153773471744
886601272859654373376
886601272980384272384
2220306264774326362112
2220307960221256392704
1714859872284210950144
592610924518956339200
4428387279627240873984
1035332553658553344000
592610695889528315904
592610696165479955456
597240427023800209408
1107973346359521583104
1034186396383972952064
1034186396383976110080
299194433666471720960
740767891415903372288
741920887695927951360
2296494737071217574912
2296501518858937697280
2296501519376347038720
2330945084062430924800
2288854323352991440896
2325891926688486400000
2325891926688487189504
410156390625883995136
1036200653152324551680
1107096819906810218496
258546601303640114176
258546601303641693184
74799173625960001536
223386686768706752512
4428387279627240873984
1035332553658553344000
1035332553658553344000
592610695889524158464
592610924725931098112
607607894134333906944
1196766351762635362304
1196766365008515829760
4140734538333780188672
1111132621523997696000
1107962138239810668544
299651056516429004800
299651056516430583808
1152806742360625573888
1334531675332158164992
4428387279627240873984
1034186396383972952064
1034186396383979268096
299194433873438633984
745393290146678317056
745393305574335586304
4688389128326495604736
2217072574619769640960
886601158337962242048
296307609540994271232
460600031427336085504
460600035842629837824
517390453428567016960
517390453428582745600
1109409121550814158848
681819774239997169664
681819776447644045824
681819776447650361856
4540669387514603272192
2107428609259568235520
2111178308672194355200
1109119529953391550464
1109553564367479382016
703723505896009035776
592610924518956339200
4428387279506510974976
4428387314828860993536
1036493374123686256640
889780735169708224512
892388530115246034944
4428387279627240873984
1035332553658553344000
1035332553658553344000
1037494281479691182080
592610696165488345088
851443825749539176448
851443834580126681088
851877868994214512640
851876251064991250432
1935199143898277494784
1336830745798164619264
1373724233945583722496
1373724233945585301504
2218284157441213472256
2217660309729810581504
1035181679052425543680
149625421695227004928
2218817710644788729856
1333355980777208707072
149310222463389417472
2218284096592940138496
2218284096592940138496
2219152165421115801600
2219152231391813468160
2219152231409061364736
4362431076292108492800
4216142788607720556544
4216142788607726872576
2632995789573848579072
745393092165593731072
1922789405515174674432
1107973601791165597696
1050926381614050580480
4584630652565536174080
2509340437633837041664
444521077123902881792
4576843999385519392768
2218817710644788729856
1333355980777208707072
149310222325406244864
451377899656843366400
598383171466023928832
598383171466025507840
2070364443508242968576
370960639358383165440
533807221934601537536
553981043593991161856
148152673972382078976
148152674041370015744
148157195664357196800
149310227128753864704
451692575641890201600
2331522569611314749440
1851600979196156853248
597240426972056519680
1775212028270169038848
74812715262907254784
74812721885847488512
262590871135167454720
262590871273150627328
851466376560542490624
2218092666427128940544
2218092666427132098560
1147744661057111126016
740767891950560610304
1037122730491822227456
4576843999385519392768
4576845694832449423360
525610125160161484288
525610160827451055616
1446373849602151448576
2216563237370726975488
2216563237370739607552
756210822826791858176
2523225271848200577024
3706651767914275803136
598383175881317681152
1108540790909512980480
444453500725329665536
148157195397035466752
149310158959031093248
447224942876699132928
2327463669540086744576
2327463801481482077696
2327463801757448422912
2292360998710860087296
1270971795939505865216
1270971796146472747520
1270971796146472808960
4181840781093769842688
3300962949084584378368
299250843390454009856
299250949357497749504
1050379308643027810304
4428376134770417731584
2214193639753255487488
258833138414638336000
148152673972381289472
148152673989628279808
148442087405797639168
148442088371636831232
225748752843631763456
225748752843632158208
1123282932992924065280
3028014945730767357952
553986673179760791552
517093198191986476032
517093198191986476032
517093198191994340352
517955752076815384576
370411012105417265152
370411012105417265152
370411012105418054656
377889440906923012096
1272563038246056887296
4655216955832685330432
534158059063367180288
4402187606283721400320
4402196050533022720000
592628780656783007744
1773224835432933523456
2068404406271208333312
4143644958875635965952
2963017309637157353472
597240492994497875968
2214777990782094680064
1034186396383972952064
1035911239718908201984
740754327357547617792
745429134139502370304
745429135105341562368
4284899389901084041216
4284899389901085620224
1345219788344703643648
3508932625890408407040
4429555981322729562112
1035332553658553344000
1036200622486729007104
814836315902493882368
592610792784535764992
598960982849782554624
1196766342932047857664
2216502860436320294912
740754327409289338368
149310123300368158720
554571024389694832640
554571033220282337280
555005067634370168832
410302828103248441344
2218817965834974011392
4429555982047108956160
2068404406271208333312
2070140543927559659520
1050933163505253150720
2953794166160753704960
3101944579502733541376
740243248947760467968
741111317775936131072
829838035166646246912
1493055884323525238784
299647036632927838208
2068356994846902194176
2068356994846908510208
594344599683192601600
893545757307387252736
2070363357199376844800
553981043593991161856
148152673972381289472
148152673989628295168
148442153635213754368
148442153695578703872
230030052822039527936
230030053029006410240
230030053029006425600
1455741910220254756864
4325343353034162833408
2341459806307546578944
2341459806411030020096
4395533599648388249600
1334531482283777328128
1189530707546564726784
258550555199194793984
258550555199197952000
75811370957081735168
446773109792606011392
446773109913335910400
1050337659453012707328
1050337659453015865344
4433917779134490669056
4581149423795967887360
1050895841786041737216
1050895841786041737216
517101092737220894720
151618220653361002496
597240493201472634880
1779552603567193858048
2215924174375964647424
2217660312032315973632
1037061935915463667712
592610696820860651520
608173983835917649920
258833138414638336000
148152673972381289472
148152673989628279808
148442087457541328896
1107973346359521583104
1035332553658553344000
1035332553658553344000
592610695889524127744
592610792577561006080
2214777990782094680064
1034186396383972952064
1034186396383972952064
299194433459504838656
738448607717860851712
738448607838590750720
156247032630402877440
156247032630415509504
2220308490910245122048
1637781556241150513152
4428387279627240873984
1034186396383972952064
1035911239718908201984
740754327357547640832
148153804770497135616
222260538561951440896
2288422012938640953344
1110276937396451284992
888907001347175882240
296884075890044571648
554571024027505135616
554715704373181157376
554715704373181157376
336225833384890396672
554560011267303018496
312446293050086918144
4428387330135788363776
4442276431386598973440
3854810546254485944320
1146591731049607070720
740210524506577444864
2288422012938640953344
2288422026184521420800
262594827212498696192
1107962201502698440704
2214193639934350336000
2214193639934350336000
517101092737220894720
151618220653360987136
597240426989304416256
1107388995391047340032
517093202607280228352
517093202607280228352
517093202607295956992
444521054650752567296
444521178072010721280
2218823344525121160192
1697966276224935005184
221650289610361436160
74655177098904995840
230010123272618786816
230010123272618786816
230010123272620365824
2214193763217632194560
525180612972707055616
2219975400683886641152
1641254861248637440000
1641254861300379160576
4592993999818530519040
2815153983299959784448
517696674117455978496
2288422012938640953344
2288422026184521420800
262594827212498696192
1107962201537194233856
2214777990782094680064
2219407761843727376384
2219407761843728955392
1484409087362309037568
2219407735455462866944
2217678570901840338944
2231945738880920586240
2216502860436320294912
740754327409289338368
149310123248624468992
2519716736720301851648
3704938128223394202624
3704938129051261731840
3990864463236910292480
1748175219870716141568
78286107748413218816
1035332553658553344000
1035332553658553344000
1037494281479691182080
592610695958513586176
592615225868805474304
592615225868805474304
889487393884072318976
1035181656648262907904
149310222221918865408
149310222704838461440
186348388990286841856
488296135663721912320
2222282175095875582976
1329901777072119881728
1109142048055010271232
1109142048055010271232
1109142048055011850240
598375329904320855040
594346860330847584256
1037068793418561359872
2305577385072565174272
2305579080519495204864
4654800737154766008320
1185221585293105184768
1185221585413835083776
1197911607627395367936
1197911607627396946944
4433916648715806633984
4507066305039304493056
534387007722174291968
534387012137468044288
517390453428567411712
225694557260112230400
664950987561098027008
2215946692477583368192
2290023029446526640128
2290023029446528219136
672451662475217608192
668133836358350282752
1037516800305689296896
1037519060936090484736
1037519060936096800768
1152356558940649044992
4296425103351887695872
4136398694360320868352
4136399824675521462272
1108262953651930926080
373327162749964023808
2445061790812052930560
2218284096592940138496
2219441539358348312576
2330554349364833189888
2330554349364835155968
4433050913516973459456
4438641989448856780800
2510808663130049611776
2510810358576979642368
525610125160161491968
1328744351898894077952
1107973346359521583104
1144866834506940686336
1144866834506942265344
299187695859216686592
299198954884159250432
1037516799822769700864
1037519060453170888704
1037519060453174046720
1152356435312424001024
746550574780759687168
2222287829707382065152
2221706477680593473536
1752321368069550643200
4691820836092674340864
296884174811595278336
451371052157133406208
149625448186989518848
149627143633919549440
525616907051365101568
1773202545443342401536
1773202545564072300544
607615797268689716224
607615797268696032256
4433916649026256911360
1556760475201747034112
1109142048055010271232
2068356986016314689536
2068356986016321005568
594342339052791413760
745393092113850041344
745393092355309839360
1111141096326783567872
851723022158710446080
812235460694913904640
149310354197809991680
4428387279627240873984
4428387279627240873984
1034186387553391763456
299192173243037400064
592628781053470851072
1777840109808886226944
1777840109808886226944
2303570978524039766016
2303571011509388599296
2218085972910787792896
597244926285742344192
2070079019016775795712
2070079019016777374720
1035182786963463478784
222233532365978738688
521007966241821851648
521010226872223039488
521010226872226197504
1152356558733682162688
4292952828004689250304
3250952695718709575680
149625448186989518848
149625474678750453760
149625474678752419840
2222290045503591157760
1147172677516154380288
2332394069019246731264
2332394069019248310272
2074704827352270511616
1037068689046895071232
554571024148235034624
1035332553658553344000
592610695889528315904
592610696165479970816
597240492994497875968
1779538908567773937664
299250861051629019136
299250887543389954048
1050363484540669803520
3396515825776219392000
594621549104534142976
149625448186989518848
149627143633919549440
525616907051365101568
1888494467998956652544
608173984017012498432
517101110398389587968
517535144812477419520
262735551506714521600
888907002313006909440
313026078656564824064
258833138414638336000
259267172828726167552
259265483978865909248
148152674205222051840
148167988194543931392
1151785498092604229632
1108540790909512980480
444453500725329688576
149310222256414658560
451373334355211978752
2214778041290642169856
299200626046971418624
1037496542179079256064
741911875831308763136
2218284096592940138496
4136745585535891808256
4136745585535891808256
4141069041178167484416
4143644959151595995136
597276461115713290240
671063437410551496704
671063437410557812736
1787046593795572382720
4148274689975412066304
1107388995511777239040
517101101567802083328
517101101567808399360
151620481283762221056
745393290077686730752
1935759772442001702912
1935759772442001702912
1935759772442004860928
4428387526435264273920
1050361224074120667136
3251126088426456096768
1035332553658553344000
1036200622486729007104
814836315902493867008
592610726606863339520
1107973346359521583104
1108262707050873626624
1108262707050875205632
373264032828159966208
373274161822484676608
1037088043098987044864
2215924174375964647424
2216792243204140310528
2216792276189489143808
816133352664166043648
592615226774279716864
666691563743222988800
666691563743224567808
667846934580304559104
1124141418848574259200
4438214253606524162048
2812911269419191633920
2812911269833125398528
2305579681025310095360
2221105662504282890240
2221105662564647839744
857208432996609171456
857642467410697003008
2327613445134752970752
592610792784535764992
2218284096110020542464
2218284096110020542464
4136713954371460685824
1188680156430846687232
1187536303560178286592
1779552603567193858048
1779552603567193858048
1779552603567195437056
2218284157441213472256
2217660309712562684928
1035180537500649136128
74812715262907254784
74812715262910412800
262589175895204360192
741921014764984078336
1050316055998468982784
4428387330135788363776
299200626046971418624
1037496542179079233024
741911776668287504384
554571024148235034624
554715704493911056384
554715704493912635392
336225864343688345600
1073962276150360674304
1041669144713917630464
1041687229757127133184
1484412975028459018240
2220402977782611058176
149310123248624468992
444884727141943484416
74812715262907254784
74812715262910412800
262589175895204329472
740767891415903372288
741920888178847547392
1042019948727980130816
1042019975219741065728
1042019975219756794368
4401753802706708336640
2858241654265508560896
2932317991234451832832
2932317991260322693120
4539501468757629399040
4547591052482433257472
2378481630211030941696
299250861051629019136
299250861051629019136
1050356702752949696512
2953794033977887819776
2214193639934350336000
2214193644349644088320
517390453428567411712
225694557260112207360
664950888536059940864
554571024148235034624
554715704493911056384
554715704493912635392
336225864343688345600
1073962276150360674304
1041669145619391873024
1041669145619391873024
1041669145619393452032
2214778237486634692608
4438214380339274465280
4438214395766931734528
4690726549378647990272
4691160583792735821824
4691160616778084655104
4691160616795332551680
2326896814345575997440
851160107527635994624
851161802974566025216
668563349347783687168
738448541488444736512
1107096819906810218496
1109411705437626566656
851157257455522027520
667399696678678753280
149310354404784750592
4431893385438086332416
4431893385438086332416
4543006195444571209728
4543006261415268876288
4543006261484260462592
4141073571157448853504
2915164285028813768704
148152673972382078976
148152674041369992704
148157195397035466752
149310158959031093248
2327174317679321810944
2327608352093409642496
849561294337571584000
148152797152180441088
156225429175859152896
553981043593991161856
554415078008078993408
259265483978865932288
148152797152180441088
156225429175859152896
299191587940658840576
3854801508148174914560
4576957649012213955584
221650351148518736896
221650351389978534912
1110129462169829384192
666397672184366522368
592610696165479970816
597240492994497875968
1779538908567773937664
1779538908567773937664
1779538908567773937664
2214778237383151251456
1050347661300659390464
2370476450569640755200
4576843999385519392768
4576844052369041262592
4576844052369056991232
2222290249978263642112
2231490954569628782592
745957128470994094080
745957135093934327808
2070367269166890098176
553981067817744076800
554571024389694832640
554571033220282337280
555005067634370168832
410302828103248387584
451389114822059638784
2218817806194493097984
1335006059598088110592
1335006059598088900096
1751164490513482938368
185480319782678962176
185480319843043911680
857208432996609171456
857208446242489638912
2216504026022128139264
813971655439634269184
813971655681094067200
1111141089703842939392
1111141090117776704000
1111141090117776734720
708065637773807718400
2251671478929513783296
1035332553658553344000
592610695889528315904
592610696165479955456
597240427023800209408
1107973346359521583104
1035332553658553344000
1037068691314904670208
1037061935915463667712
592610924518956339200
607594198229439744000
553981043593991161856
554415078008078993408
259265483978865909248
148152674205222051840
152073084043251425280
2068356986016314689536
2068356986016321005568
594342339052791429120
745393158136291397632
2214777990782094680064
2214777990782094680064
1034186387553391763456
1034186420538740596736
1034186420573236389888
1146615453819290525696
1146760134164966547456
1146760134164968126464
783872408305247198720
1073962177142570484736
1073962177384030282752
1035196352841408057344
1035196352841408846848
557743286597453626368
961256251804995817472
1107973346359521583104
1108262707050873626624
1108262720124288524288
373267379914027318272
592628781053470851072
597240498410117664768
1779893596876162991104
1779893596876166149120
2305578444950032621056
1550982348213090000896
962995261575433031680
1151785498092604229632
1151785504715544463360
1151785504715560192000
1108975089344373071872
4577706394664709398528
4651782731633652670464
4651782731633654249472
820025615064894021120
2142432210624446349312
1037086950063699136512
1041736316569829539840
2231974001176231811072
4701366356792277736960
2666750251007711649792
2805652056313326211072
1151785498092604229632
1151839752394365208576
1151839752394380937216
3986295916802986477568
3986296163645502785536
4289488381197527811072
4296432931822933115904
4297806520913188109312
74076398610586013696
1107973346359521583104
1107973346359521583104
1107973346359522372608
299187695807475019776
299195564792278157312
1036200860929831239680
829598139666592178176
829598139718333898752
4592998521079332925440
4660733644602924205056
3176020928173912915968
814322560720879878656
4702082976043057415680
4252155218149994019840
37327588601196187648
1107973346238791684096
3469156587673614290944
3469156587673615080448
299187664952160435200
518534394035966578688
1107973346359521583104
1035332553658553344000
1035332553658553344000
592610695889524112384
592610726555119649792
592610726796579447808
592610726796579447808
592618608035563837440
594636205335825096192
852880471486696525824
554571024389694832640
1034202220796779175936
1034202247288540110848
303252264788179349504
2215924403212371640320
2216935470124809338880
2216936600440009932800
851791768972315078656
829834644410764107264
4213941643191248228352
887610009566301945856
299250861051629019136
4438792864054988791808
2963017309637157353472
597240493063489462272
2215946693201962762240
2215946710863137771520
2216814779691313434624
820605656206496821248
820606797516813430784
4696178315160736243712
1035332553658553344000
1037068691314904670208
1037068724300253503488
1037494281755655421952
1037498231235916349440
1037498235651210101760
1037498235651211680768
1147025286628533607936
819509992515852836864
1701599586959233155072
1701600717274433748992
1152067197835364011008
2142480707969543322624
2445061724634380505088
1107973346359521583104
1035332553658553344000
592610695889528315904
592610696165479970816
592628781053457073152
597240497866837082112
1779858115834274775552
1779858115834281091584
2296495298227457914880
1224574469638651908096
1816432396715193040896
299250861051629019136
299250887543389954048
1050363484540669803520
3396515825810715185152
1107973346600981381120
1108262707292333424640
1108262707292335003648
373264094538789089280
377318430006878930944
2146188424389048434688
4592989474142435149824
4593003037717875394560
4661889904104088041472
3394779631445424866304
148185331890961522688
2288421999692759696384
2288422026184520631296
2288422026184528495616
1111145124954636027904
1115743195086735818752
223412406820652716032
223412420066533183488
525181742270334924800
1698258011964891471872
2215946693201962762240
2216525414584666849280
2216525414584673165312
746528189284544953344
4295848642599584272384
4136398693454846625792
553981043593991161856
148152673972382078976
148152674041370046464
148157196199014434816
444521077123902881792
4576843999385519392768
2218817710644787940352
1333355980725466986496
148442153497230581760
2215946693201962762240
2216525414584666849280
2327638224591151726592
857208653312868544512
4288904290093246726144
2378495325210450862080
2526647990352244383744
2526647990352245962752
4580043859628339502592
2217660309764306374656
1035183962155978358784
1035185092471178952704
554860631440644377600
373327162749964023808
4510556576623673345024
2445061795477417377792
230331629096200572928
2330365126845901838336
1555295631009933442048
296884108944384991232
1109142048055010271232
2068356986016314689536
2289717914900829308928
594342338638857664512
738448607510886092800
2214777990782094680064
1035332553658553344000
1037068691314904670208
1037068724300253503488
1037068724317501400064
1146305193869624492032
1146305202700211996672
1146305202726082856960
667409959753049717760
820758030839690838016
1444069334225204027392
2303570987354620954624
2304005021768708786176
4251841696816003840000
738448607510886092800
2214777990782094680064
1034186396383972952064
1035911239718908991488
740754327409289361408
149310222463389417472
2218284096592940138496
2219441539358348312576
2219441539358354628608
1493056131312639818752
4443422595189260685312
1107973346359521583104
1107973346359521583104
1107973346359523162112
299187695859216686592
1037068688995151381504
1035180537500649136128
74812715262907254784
74812721885847488512
262590871135167454720
849128972997096902656
554571024148235034624
1035332553658553344000
1036200622486729007104
814836315902493913088
814837457212810522624
851153572099509985280
607605439679439570944
1035911239718908991488
740754327409289361408
149310222221918865408
451371052157133406208
2214193767529442444288
2214193767632925885440
2214193767632925916160
2294051596104739340288
1706053857648507363328
2215924174375964647424
2215924174375964647424
592610695889524127744
592610792577561006080
598947287850362634240
299250861051629019136
299250887543389954048
1050363484540669818880
3396515891988387610624
3396515892109117509632
3396515892109117509632
598968881568850927616
598968881568852893696
1714416934369902465024
1484850370550412902400
1484850935708013199360
1484850935708019515392
2332520911612659398656
4480460264564444897280
2215946692477583368192
2068356994846902194176
2068356994846902194176
594344599269258852352
886601272652679614464
2214777990661364781056
2214777990661364781056
2214778096628408520704
299214792051299219456
2288553822254605537280
303799382671009808384
377875715241906569216
377875721864846802944
2288855139501071200256
2288855139518319096832
4547450883238925467648
4547450885446572343808
4547450885498314064384
4547450885498314079744
4555088927936470323200
3506050075941763293184
3506339436633115336704
3506339436633116915712
373264032828159981568
1110855764263283984384
2214193639934350336000
517101101567802083328
1035911239718908201984
740754327357547625472
148442087405797639168
1107096819967175168000
1107096819967175168000
1107096819967175562752
74796939392461469696
518100425558080620544
414477564009714302976
414622244355390324736
414622244355391903744
2251231931702103776768
562218215644206219264
1630150013572452728832
4136713972032629379072
4247826782039114256384
1299365141719972608000
1476897083011385266176
2214777990782094680064
2214777990782094680064
1034186387553391763456
299192173243037446144
597240625142867968000
597240625263597867008
1788207422401394771968
1714995516731223182336
4581135859202954917888
148442153428238995456
230012405470697359360
1410604026188108662784
1410604026188109057536
2214778005994163042304
554415201394853167104
266919589523010625536
1196766351762635362304
2217081581819024381952
888907001347175905280
296884174811595278336
2214193639934350336000
1035332553658553344000
1146013018100810653696
1148174745921948491776
1148175887232265101312
851153344125470801920
592664915696794222592
814890535709763977216
827851894885432981504
3546404694579557699584
2214777990782094680064
1034186396383972952064
1034186396383979268096
299194433873438580224
740781454862005059584
1925297919234725150720
1925300179865126338560
1925300179865132654592
1750731827030857381888
4296425169529560121344
4296425169589925070848
4295819407585728532480
2220452605304948398080
1751889013743724011008
1751889085078303153664
1493634612122199527424
1493670782208618532864
1493670782208619322368
4590401615834929438208
2925870489466053861376
521007965517442457600
2068356994846902194176
1036489961101613078528
888907001347175936000
296884306787486404608
4428387279506510974976
4433017050568143671296
2219399809727213344768
1482373345843550363136
1482391606808616115712
4433566434410784884736
1625051338081484410880
555570831889134000128
555138477563307421696
443881562130670684160
460600031427336085504
460600035842629837824
460600035842631416832
4576813586842157595648
1111145054603140665344
1111132666271954403328
1111133796587154997248
1111133796587158155264
1108262953858897080320
4514025724666615709696
4514029674146876637184
4514029678562170389504
4514029678562171968512
3334175892478506072064
1420137091007728062464
1705751931367461488640
1705770016410670991360
1484412975028458228736
2220402977730869360640
148442153635213754368
148442153755943653376
230034008925241083904
230034008925247399936
2220308490496311303680
4581162986569429164032
1922960515119368380416
1922961645434568974336
1922961645434570553344
1152067012806959447040
1111143928772225409024
1109142048055010271232
2068356986016314689536
2179037450458571999232
2179037450458587727872
740821881334712240128
740822128177228548096
755805533992949129216
755805533992949523968
4591557386799384247296
3471313297271944646656
1107973346359521583104
1035332553658553344000
592610695889528315904
592610696165480001536
597240624935893209088
1788185819852325289984
299250843390454009856
299254234284314071040
1051220250320322960896
2657488604721006380032
2657488604962466178048
557738774115497019392
851723022158710446080
812235460694913904640
148157196199014434816
149310364011479990272
460663258192401145856
460663258244142866432
4592998521079332879360
3176019588054655700992
1107973346359521583104
1034186396383972952064
1034186396383979268096
299194433873438587904
745393092165593731072
1107973346238791684096
1107973346238791684096
1034178488592865171456
297170039107711679488
296307609006350811136
444486389731067699200
2303570996185208459264
2303571009431088926720
4140734538333780188672
1111132621523997696000
296318401536523767808
299647137891482615808
1151803574305229385728
2074993084358158458368
1483823520282234589184
554571024027505135616
554571024027505135616
554571129994548875264
299214792051299219456
2288553822254605537280
303799381765535565824
299191587940658840576
299191587940660419584
1035182786963463532544
222233533150709810176
223386692123965554688
4518192561215865357312
4518219688366745846784
4406818401693504650240
74076398610586013696
1107973346359521583104
1108262707050873626624
1108262707050875205632
373264032828159966208
1110855698275338421248
1107096819967175168000
1107096819967175168000
1107096819967175562752
74796939392461500416
75810806635958110208
518100567347641745408
423769752383807033344
4659572810926393923584
2814285914040610339840
296884108875393404928
447049878712936302592
299191601186540097536
299191601186540097536
1035186177805581842432
443879414883650375680
2214777990782094680064
1035332553658553344000
1036200622486729007104
814836315902493867008
592610726555119649792
592610726796579447808
1110129462169829384192
1110129468792769617920
851155038744539592704
703291256985322522624
2214193639934350336000
517101110398389587968
1036489961101613078528
888907001347175889920
296884108875393404928
1107973346600981381120
1107973355431568885760
1108407389845656717312
410302828103248410624
2218817833790091298816
2214193639934350336000
517101101567802083328
517535135981889914880
262733290876313280000
738448508554839592960
149740246617919881216
299250861051629019136
299250887543389954048
299250887543391920128
4440529034731178428416
1146588326487315187712
1146588344148490196992
1146615471299370686464
746838714695122689536
746838786029701832192
2220452606331150434304
4581205238904076370944
4581205344871120110592
1641680534372662648320
4222287910811714199552
78286107748413218816
78286672906013515776
2105395145670205136896
631378244707838621696
629522269200876176384
1777839878652739723264
1777839878652739723264
2288421995277472260096
262586915471770023936
597240492994497875968
1779538907662299695104
553981043593991161856
2331786003697749198848
1919040105048498010112
148152797152180441088
2214777991023554478080
1034202203135604166656
2071822479437816403968
1481508654715095235584
296884108875393404928
447049878712936302592
1107973396868069072896
299200626046970629120
1037496542127337512448
741043707840111841280
554571024027505135616
554715704373181157376
1071216654878313551872
334207642443206630912
4470890000972573580800
296884075881417934848
444459717364073107456
444459717364073107456
444892056331230410752
444455875635953799168
303799382671009808384
299250861051629019136
299250887543389954048
1050363484540669803520
3407468549783834083328
3396515897136667691008
4395515496944005285888
148152673972382078976
148152674041370015744
148157195664357196800
149310227611673460736
451724171483977621504
451724197975738556416
2304599092264750300160
3481255526078672289792
599294073748775272448
599295204063975866368
599295204063979024384
2303844788343824981504
4218877588382846291968
3248793250095650310144
553981043593991161856
148152673972382078976
148152674041370000384
149310156285716992000
447049879618410545152
299250843390454009856
410363653396938887168
1161032645934404630528
2666711961882107708416
296335745232941359104
304087055806052303360
2288422560435069399040
262731595610479140352
630805722061243682816
887610009566301945856
299250861051629019136
4438792864054988791808
4440954591876126629888
4440955733186443239424
851171428892724461568
851750150275428548608
851750150275430127616
819180258162835486720
4290640295670219546624
2812561141091665973248
598383175881317681152
598383281848361420800
2070392700870840580096
2222258461260261491712
2214188138279989428224
156544652801362366464
156544652827233226752
2296499260539666462720
1588009893017870143488
2214777990782094680064
2251816157067543060480
2251816157067543849984
336225299142969978880
1036200851116161241088
828955127113954363392
299191601186540097536
3854801521394056171520
4576961039957815783424
4576961044416226979840
518676455508789960704
386244519625512456192
386678554039600287744
4542380176607330465792
886601272859654373376
886601272980384272384
2220306264774326362112
2220309655668186423296
2220309655797538758656
1715293939700895450112
2291874020147198967808
667430162136576558080
667430188628337492992
856934905169213406208
1703730884265392488448
1697389948483344011264
82793142094884242432
4654637978388821050880
4654638242271611717120
4501295479825460233216
4517472550424463410176
4517490635467672912896
3666741956291571615232
3666741957326390298112
3657377466412953374720
1456434351443160860672
553981043593991161856
557453318906693814272
557453582789484480512
1050890212148533268480
149319115278928322560
1034186396383972952064
1034186396383972952064
299194433459504838656
738448607510886092800
156225429175859152896
553981043593991161856
557453318906693814272
1037055154024260073472
148152797152180441088
156225430081333395456
299250861051629019136
299250887543389954048
1050363484540669818880
3396515891988387610624
3396515892048752560128
598964936503877436416
1455873026455820307456
4358909108892031809536
74655177340375547904
230026101375591522304
1196766342932047857664
2216502860436320294912
740754327409289361408
149310222256414658560
2214777990661364781056
1034178497423451097088
1034178497423454255104
297172299841596354560
518245033551591244800
446774251792795467776
1125171595307582227456
1125178377095302349824
4703675563668932934656
2435259640045408620544
1107973346359521583104
1107973346359521583104
1107973346359522372608
299187695807474973696
1036200653204068241408
815984761092601577472
299250861051629019136
4438792864054988791808
4440954591876126629888
4440956874496759848960
1109714075576430501888
1777820766855389251584
1777820766855395567616
1774933959770202717184
745393092165593731072
1107973346359521583104
1107973346359521583104
1107973346359523162112
299187695859216740352
1037068919944336904192
1050316056903943225344