1943362 12808 1861152 -42022
906633 3319637 2096195 3402757
2358896 2158796 2331052 2934800
1787606 3963631 2096195 3402757
2282542 3116014 2331052 2934800
173912 1873897 429790 2000000
3391153 3437167 3720655 3880705
3834843 2463103 2971569 2563051
3917316 3981011 3720655 3880705
1466100 1389028 429790 2000000
226600 3967233 85598 4102832
1757926 2834180 2331052 2934800
2176953 3240563 2096195 3402757
2883909 2533883 2971569 2563051
376161 2533578 429790 2000000
3015271 3913673 3720655 3880705
490678 388548 429790 2000000
2725765 2852933 2331052 2934800
86373 2839828 429790 2000000
1802070 14830 1861152 -42022
19628 1589839 429790 2000000
2713787 3381887 2096195 3402757
2148471 3729393 2096195 3402757
3999318 3263346 3720655 3880705
575700 1390576 429790 2000000
273266 2050976 429790 2000000
3008012 993590 2971569 2563051
3306379 2782128 2971569 2563051
44975 3820788 85598 4102832
2941700 2536797 2971569 2563051
2040164 102115 1861152 -42022
3928008 3692684 3720655 3880705
3905950 222812 4759853 -796703